1.03821
1.19503
0.919554
0.956195
0.913723
1.02365
0.81745
0.785215
0.899398
0.945786
0.754155
1.00968
0.828144
0.925011
0.817693
0.896757
1.09741
0.86525
0.939192
1.06315
0.782297
0.959173
0.992961
1.02819
1.00039
1.19088
1.0162
0.962043
0.938941
0.987033
1.26251
1.0753
1.00726
0.989367
0.82219
0.866579
1.01079
0.758825
0.870228
0.970068
0.982999
0.837021
0.960808
0.979927
0.702661
1.08519
1.01141
0.833384
0.986923
1.02883
1.48012
1.18991
0.872013
1.24038
1.05282
1.22764
1.45049
0.867257
1.15384
1.22597
0.846397
0.963116
0.989538
0.825929
1.00168
1.09972
1.20355
0.913502
1.07973
1.08793
1.06139
1.03279
