1.03659
1.16467
0.863418
0.896325
0.888174
0.949136
0.909476
0.927403
0.991754
0.948101
0.841233
1.01978
0.811771
0.915359
0.8037
0.933681
1.03465
0.912678
0.940225
0.959392
0.790189
1.00248
0.900399
1.0842
0.963397
1.12079
1.06228
0.946022
0.945835
0.972031
1.25888
1.03559
1.06657
0.979493
0.840738
0.849817
0.960168
0.840014
0.826463
0.919956
1.0287
0.883
0.886105
0.973694
0.769715
1.09754
1.01459
0.875345
0.981855
0.970157
1.39899
1.12667
0.907248
1.29707
1.0732
1.27061
1.51128
0.957495
1.2469
1.21159
0.916598
0.960709
1.03167
0.88707
0.948499
1.09865
1.24701
0.906887
1.09787
1.25202
1.08723
1.05758
