1.06649
1.23368
1.01042
0.916943
1.05457
1.08773
0.856622
0.882104
1.05204
0.965315
0.842813
1.02591
0.85492
0.982625
0.918788
1.03318
1.23816
0.914653
0.945124
1.25816
0.947155
0.930574
0.96533
1.13595
1.06539
1.13797
1.10533
0.998538
1.11893
1.12851
1.20658
1.15194
1.2064
0.994838
0.955044
0.917621
1.00563
0.880477
0.831189
0.915273
0.935588
0.892239
1.07996
0.988474
0.762564
1.19885
1.04068
0.950655
0.98245
1.03073
1.60782
1.14564
1.0004
1.46277
1.09076
1.34549
1.62632
1.04506
1.12785
1.3639
0.920578
0.960651
0.997391
0.836521
1.04453
1.11876
1.21179
0.98309
1.09141
1.37683
1.17338
1.27802
