0.825273
0.923993
1.03471
1.2335
1.10694
0.974411
0.972386
1.11235
1.27145
1.19523
0.920832
0.876677
1.39396
1.00128
1.14135
1.15367
1.13909
1.14177
1.02456
1.07545
0.987505
1.13251
0.887807
0.789057
1.02746
0.853315
1.50464
0.878389
0.91484
1.10938
0.997524
0.911403
1.50173
1.39011
0.954466
1.06379
0.867124
1.08088
1.00354
1.00238
1.05802
0.918869
1.4136
1.20607
1.2467
1.07094
1.17189
1.27307
1.19742
0.860458
1.22397
1.04607
0.841919
0.956938
1.09841
1.4018
0.909959
1.25886
1.3785
1.11088
0.845195
