0.706667
0.790791
0.965983
0.784543
1.02388
0.670773
0.988236
0.725463
1.11627
0.750421
0.708294
1.05243
0.951013
1.19706
0.742371
1.37115
0.981
0.835305
0.897397
0.988299
0.730726
0.754652
0.747004
0.731667
0.793966
0.680463
0.906001
0.740855
0.637595
1.12925
0.870444
0.924878
1.45614
0.655459
0.87267
1.04802
0.952368
1.05448
1.01439
0.719384
1.05554
1.06016
1.09599
0.926228
0.991147
0.95349
0.864867
0.908916
0.645113
1.14206
0.907224
1.34482
1.11212
0.722386
1.21733
1.07121
1.09665
0.956784
0.739406
0.803136
0.666455
