0.820674
0.880926
0.777549
1.24946
0.933189
0.629519
0.932143
0.837248
1.10637
0.828785
0.812194
1.00118
0.812808
0.803655
0.954089
1.36328
1.0674
0.990154
0.820504
0.981439
0.664332
0.983702
0.726366
0.771502
0.735827
0.755801
1.08167
0.789508
0.805093
0.953552
0.791199
0.964521
1.51276
1.0869
0.911415
0.875368
0.972123
0.960021
0.892928
0.67789
1.02226
0.671968
0.998176
0.881423
1.00042
0.78709
1.0806
0.967516
0.788224
0.852659
1.03416
1.11305
1.03125
1.03309
1.10501
1.13196
1.06788
0.940141
0.765032
0.973118
0.627629
