1.07562
0.922443
0.742045
0.868329
0.888716
0.89883
0.970636
0.700794
0.937358
1.17826
0.652119
0.766416
0.996604
0.79756
1.03257
1.0052
0.793288
0.764148
0.890758
0.868256
1.19688
0.670383
0.771922
0.851745
1.00626
0.946697
1.27658
1.19041
1.09514
0.791877
0.876915
0.71219
0.71978
0.67494
1.25049
0.817633
0.964035
0.913363
1.02405
0.792281
1.38164
0.978178
0.940058
1.07106
1.04863
0.877366
0.904293
1.35878
0.892914
1.02318
0.992395
0.951867
0.708803
0.831421
0.901241
1.0777
0.918338
0.810486
0.786913
0.709725
1.03901
