1.18888
0.9819
0.859935
0.936783
0.983178
0.849787
0.920025
0.939484
1.28001
1.47387
0.973669
1.15499
0.956496
0.978972
0.974075
1.11478
1.15337
0.973096
0.868404
1.03245
0.854558
0.839923
1.17732
0.850371
1.21796
1.10438
1.23995
1.25348
0.924733
0.953119
0.933968
0.888965
1.11831
1.094
1.16701
1.03469
1.36362
0.995432
1.27094
0.925863
1.20537
0.976347
1.11552
0.904025
0.971181
1.0143
1.07744
1.3084
1.33538
1.01042
0.847014
1.25178
0.702608
1.22679
0.901746
1.40538
1.00327
0.997738
1.11602
0.933686
0.984938
