1.06299
0.975021
0.806713
0.940626
0.978588
0.622986
0.821629
0.882085
0.862098
1.2566
1.01071
0.845234
0.890219
0.779869
0.887902
0.887442
0.683986
0.929357
0.766091
0.866723
0.901647
0.763344
0.802819
0.81295
0.849201
0.975459
1.27765
1.31901
0.837341
0.935584
0.896259
0.747616
0.93016
0.680073
1.18078
0.934711
0.987903
0.958909
1.11518
0.769968
1.36223
0.986525
0.957407
0.832159
0.883538
1.05746
1.08015
1.32791
0.925186
0.907571
0.755136
1.19759
0.549453
0.93633
0.914613
1.1154
0.933564
0.886422
0.926491
0.857339
0.852688
