1.14304
0.964355
1.19037
1.09571
1.30377
0.922187
0.950542
1.01021
0.946793
0.648382
0.71695
0.812409
0.87339
1.1697
1.03578
0.962596
1.04976
1.08921
0.84596
1.18176
0.936896
1.13603
0.855656
1.16144
1.14599
0.921635
0.94457
1.00901
0.883782
0.932918
1.03585
1.13292
0.92726
0.900034
0.910628
0.920067
0.880593
0.721063
1.03816
0.926524
0.845099
1.1389
0.91637
1.13543
0.988229
0.948978
1.14419
1.01187
0.789328
0.843961
0.966235
0.750485
0.925623
