1.08487
1.06541
1.16635
0.761599
0.998235
0.972537
0.795431
0.987917
0.811978
0.980109
0.983378
0.913073
0.896658
0.818211
0.933373
0.927529
0.858507
0.901537
0.851411
1.00334
1.00969
1.15545
1.05279
0.996563
0.953669
1.03078
1.2005
1.15145
0.763407
1.03782
1.00783
1.10128
0.812214
0.928092
1.19605
1.21812
1.10365
1.15636
1.27357
1.12988
0.881135
1.13623
0.971465
0.90737
0.847622
0.872925
1.22886
0.765507
0.875785
0.999888
1.01642
0.819433
0.828401
