1.28606
0.995202
1.08989
1.25568
1.13274
0.921225
1.51519
0.959391
0.905884
1.23289
0.735138
1.0182
1.52758
0.9193
1.38176
1.1124
1.02483
1.20444
1.01387
0.9715
1.06958
1.05474
1.11019
1.10623
1.27722
0.985555
1.00554
1.32875
1.44604
1.06138
0.906779
1.36393
1.33322
1.37353
1.33451
1.42179
1.46546
1.05114
1.08533
1.19825
0.879368
1.23764
0.840552
1.08112
1.09767
1.37531
1.08658
1.07381
0.888915
1.28112
0.948759
1.11513
1.01522
1.10204
1.34515
0.977971
