1.30035
1.15057
1.09953
1.39996
1.20651
0.905958
1.52732
0.97305
0.930645
1.25251
0.849684
1.18269
1.5943
0.90769
1.36029
1.21788
1.10247
1.32951
1.04057
0.973833
1.08046
1.07562
1.1323
1.12031
1.36211
0.993186
1.04182
1.30571
1.4187
1.02853
1.06747
1.53475
1.41737
1.36312
1.33224
1.41147
1.54188
1.00163
1.1125
1.27927
1.0062
1.25453
0.898572
0.966912
1.04363
1.36458
1.01118
1.19003
0.983929
1.36617
0.926544
1.12567
1.00709
0.994372
1.3395
1.10304
