1.25322
1.03184
1.09006
1.22235
0.943081
0.878934
1.35236
0.773045
1.06279
1.09738
0.792872
0.919669
1.44261
0.850402
1.37909
1.11493
1.04205
1.19616
1.01136
0.927946
1.00487
1.00154
1.05072
1.00016
1.20412
0.91854
0.97186
1.04807
1.41736
0.980226
0.841541
1.34193
1.18542
1.29262
1.21544
1.20172
1.49276
0.924883
0.916657
1.15026
0.824646
1.1882
0.810351
0.905232
1.03508
1.41129
1.00207
1.03705
0.929881
1.09921
0.863847
1.05808
0.881966
0.869192
1.27885
0.916527
