0.908712
0.988269
1.13826
1.30663
1.21007
1.34038
1.26339
1.54373
1.04308
0.998466
0.9631
1.02298
1.14262
1.0842
0.798441
1.13285
0.950348
1.14593
0.980517
0.897802
1.15994
1.09616
1.1458
1.21067
1.02792
1.38541
0.991737
1.27823
1.02784
1.05645
0.865179
1.17994
0.855319
1.28755
0.994022
0.892458
0.955082
1.02088
0.979161
0.991331
1.13032
1.3171
0.981577
1.08643
0.927454
0.990288
1.17876
1.21126
1.0188
1.01157
1.00689
1.09264
1.12246
1.15102
1.16594
