0.876953
0.935291
0.989425
1.34467
0.988667
1.24295
1.24683
1.30438
0.968504
0.955519
0.885256
0.860391
1.02018
0.975308
0.811115
0.874865
0.91327
1.04107
1.02468
0.913751
0.981573
0.984474
1.10627
1.05881
1.01835
1.34929
1.04917
1.23454
0.962166
1.00456
0.822601
1.04282
0.708768
1.06861
0.909508
0.80466
0.91941
0.913509
0.911256
0.954666
1.06291
1.14742
0.960604
0.957699
0.973555
0.935575
1.04892
0.997083
0.990728
0.976548
0.921535
1.01825
1.02478
0.937203
1.01117
