0.905047
1.02116
1.17192
1.1834
1.0631
1.35343
1.27809
1.38735
0.92039
0.891194
0.929971
0.938119
1.02998
1.01938
0.810856
0.957541
0.971406
1.08148
0.941409
0.972691
1.04447
0.972647
1.14009
1.14663
1.04968
1.41587
0.87917
1.22727
1.06412
1.04682
0.886277
1.06756
0.996118
1.16527
1.00827
0.85419
0.89828
1.01166
0.985681
0.958179
1.01688
1.34474
1.06571
1.09344
0.962189
0.966884
1.2025
1.18876
1.07618
0.995674
0.978316
1.11735
1.08242
1.15434
1.14087
