0.906573
0.913162
1.13615
0.978978
0.980959
1.19085
0.880251
1.12195
1.06594
1.01203
0.618242
1.16909
1.08837
0.992712
1.00414
1.15549
0.863361
1.05436
1.31363
1.09577
1.17112
1.05097
0.944068
1.20789
1.10022
1.07175
1.0861
0.683462
1.2654
0.819644
1.35179
1.14205
0.922628
1.3226
0.848285
1.34003
0.980451
1.21902
0.981219
0.90402
0.983462
0.825954
1.09536
0.899865
0.919747
1.25829
0.882251
0.933675
0.969068
1.1034
1.12364
1.34428
0.925228
1.06216
1.31863
1.26699
0.983605
