0.958382
0.849117
0.990972
0.844153
0.924185
1.01951
0.815075
1.12203
1.08105
0.941587
1.08265
1.15254
1.02182
0.974962
1.01516
1.02217
0.818088
1.00734
1.14362
0.966524
0.99372
0.997602
0.903004
1.12709
0.987541
0.990791
1.04317
0.535898
1.17649
0.857935
1.17043
0.990744
0.915359
1.31926
0.83852
1.13554
0.793566
1.07461
0.971473
0.852087
0.946225
0.853873
1.04792
0.809496
0.768505
1.21525
0.833416
0.882851
0.885014
1.06145
0.991876
1.21825
0.956051
0.909628
1.31503
1.32148
0.909851
