0.949069
0.840542
1.15784
1.10359
1.06739
1.22859
0.883112
1.12719
1.14819
1.02059
0.878153
1.16564
1.17111
1.00974
1.12327
1.21499
0.870701
1.01927
1.37375
1.09467
1.14244
0.933248
1.03974
1.20892
1.29601
1.13313
1.08924
0.642859
1.30156
0.945658
1.44665
1.11303
0.95494
1.34526
0.860543
1.34741
0.951866
1.25959
0.985134
0.924399
0.969118
0.87204
1.11334
1.04999
0.928235
1.32778
0.923844
0.926672
1.03483
1.18199
1.17861
1.33465
0.925085
1.06265
1.28444
1.28727
0.954322
