0.990943
0.917922
0.815054
0.748997
0.773626
0.841605
0.62561
1.01589
0.972919
1.20538
0.987391
1.17249
0.913575
0.988432
1.0226
0.931022
0.861474
1.15103
0.861213
0.820768
0.833225
0.801382
1.11921
0.725427
0.941128
0.923025
0.854828
0.997934
0.623196
0.702804
1.2402
1.19317
1.03032
0.794609
0.957152
0.779788
0.873339
1.01026
0.529161
0.984961
1.04198
0.987174
0.843411
1.10961
1.05238
0.892921
0.999813
0.976101
0.968363
0.976645
0.741415
1.02766
0.782239
0.661091
0.772182
0.849474
0.971633
1.04954
