0.991248
0.990694
0.872645
0.953212
0.82827
0.739165
0.61601
1.03004
0.945154
0.887402
0.997592
0.930289
0.671861
1.05857
0.990409
1.05493
0.950128
1.0745
0.921166
0.919826
0.918704
0.894671
1.03239
0.620387
0.981663
0.922615
0.94727
1.12598
0.741399
0.743708
1.25371
1.029
0.941038
0.900157
1.00934
0.755843
0.824158
0.933215
0.977567
0.828454
0.919573
0.880104
0.938451
1.03996
1.08077
0.92353
0.983601
1.05906
0.922368
1.06071
0.693495
0.898136
0.906031
0.680789
0.8636
0.907913
0.865024
0.967978
