0.940833
1.23221
1.08552
1.19887
1.15142
0.945927
0.940719
1.45175
1.01263
0.941712
1.14719
0.979693
1.31833
1.47677
1.22535
1.14718
1.41797
1.26521
1.11101
0.808985
1.43354
0.987639
1.54443
0.825172
1.11684
1.02209
1.01777
1.36289
1.26569
1.19147
1.44479
1.07642
1.08652
1.03081
1.17609
1.15201
0.948913
0.887685
1.28983
1.292
0.987493
1.12053
1.02942
1.31674
0.927885
0.906368
1.38412
1.1958
1.19346
1.2502
0.948589
1.36835
0.996967
0.914785
1.2862
1.15217
1.14709
1.02434
