0.867122
0.8842
0.862928
1.24515
1.01158
0.935883
1.07249
0.983575
0.817078
0.824899
0.959768
1.02104
1.17511
0.866294
1.08376
0.967434
0.838
0.98127
0.887746
1.23025
0.88634
1.07726
0.846462
1.09182
0.995526
1.17698
1.15023
1.09057
0.827006
1.39755
1.20076
1.45891
0.895932
1.00074
0.825282
0.867735
1.18918
0.921392
1.1438
0.950008
0.989278
1.0106
1.33309
0.912385
1.02287
1.03291
0.78695
0.895506
1.03852
0.945785
0.895938
0.972648
1.26182
0.935362
1.02272
0.889946
0.846326
0.947463
0.928737
1.21772
1.08614
0.969535
1.00158
0.755164
1.00785
