0.832741
0.680436
0.838905
1.17078
1.03252
0.766983
0.987563
0.964162
0.841095
0.961703
0.842896
0.796977
0.969771
0.805758
1.02961
1.05195
0.880636
1.06982
0.878092
1.16614
0.888854
1.17456
0.852089
0.805639
0.855041
1.0484
1.02536
1.08843
0.884913
1.41324
1.24962
1.33011
1.01514
1.09027
0.686124
0.890678
1.31603
0.865703
1.0307
0.700644
0.857517
1.06383
1.19531
0.94646
0.880025
0.977992
0.856512
0.826205
0.85878
1.04973
0.977937
0.964486
1.02671
0.945003
0.955489
0.94338
0.863214
0.864298
0.978735
0.946853
1.02257
0.820263
0.980711
0.774226
1.00927
