0.799643
0.725889
0.809028
1.09821
0.9657
0.742109
0.996504
0.901828
0.747329
1.00834
0.732747
0.85429
1.16353
0.767958
1.08833
1.03539
0.788272
1.05531
0.838392
1.24592
0.900949
1.07777
0.878981
1.00353
0.983902
1.03917
0.938387
1.05047
0.881432
1.30725
1.15203
1.31176
0.932849
1.05799
0.661876
0.882395
1.15519
0.836759
1.07959
0.719941
0.854238
0.985916
1.22097
0.878751
0.887229
0.89296
0.820509
0.787357
0.851574
0.896545
0.895754
0.887123
1.09894
0.970975
0.925667
0.980151
0.794929
0.849856
0.936208
0.852248
0.960934
0.733408
0.937382
0.796136
0.973113
