1.11765
0.942824
1.03723
1.04406
0.9809
0.788875
0.862124
0.835859
0.822239
0.716411
1.02807
1.10156
1.21063
1.0815
0.818647
0.965028
0.797393
0.981942
0.771178
1.14525
1.06742
1.24164
1.12103
1.11978
0.994348
1.27726
1.0131
1.01292
0.842347
0.896879
1.10432
0.943891
0.758375
0.936157
1.00914
0.955762
0.919764
1.15709
1.15635
1.00396
0.974948
1.10244
1.22339
1.11477
0.927516
0.945671
1.04351
1.33794
0.889947
0.858751
1.28597
0.968983
0.841768
0.963157
1.20777
0.948322
1.04102
