1.09458
0.954058
1.05293
0.960057
0.913168
0.801192
0.799942
0.800227
1.02316
0.70108
0.914452
1.13904
1.1975
1.12101
0.764503
1.01506
0.742882
0.981617
0.645351
1.20512
0.969212
1.1884
1.0624
1.09219
0.902678
1.14489
0.99639
0.938846
0.746094
0.815046
1.19558
0.931342
0.756306
0.910788
1.05795
0.921892
0.957215
1.24677
1.17763
1.05219
0.880747
1.11597
1.13698
1.24424
0.979585
0.902233
1.04043
1.28897
0.883013
0.841504
1.50886
0.9471
0.90586
0.985903
1.11943
0.934111
1.02106
