1.34522
0.996126
1.02175
1.12439
0.983383
0.804403
0.901432
1.02104
1.07626
0.840686
1.03085
1.2138
1.20814
1.10671
0.932118
0.997883
0.692501
1.02862
0.990165
1.25789
1.02358
1.38056
1.07423
1.13871
0.947514
1.26724
1.00324
1.03484
0.812013
0.783965
1.28209
1.2046
0.874713
0.911174
1.1713
1.02576
0.935863
1.15548
1.27835
1.00333
0.954387
1.13891
1.22536
1.34607
0.830803
1.07091
1.1519
1.14268
0.904961
0.89545
1.47733
1.06064
0.983389
1.29935
1.25858
0.932417
1.02902
