1.04726
0.833453
0.973393
1.17072
0.91723
0.977319
0.872102
0.868085
0.79645
0.891202
1.02497
1.18439
1.27758
0.985136
0.980229
0.815338
1.12239
0.905165
0.945
1.29747
1.01762
0.856373
0.831322
1.05492
1.03831
0.879543
0.845445
0.973082
1.04452
1.27001
0.877077
1.10554
0.895821
1.00732
0.927736
1.06206
0.951361
0.953909
0.793055
1.09031
0.886388
0.814374
0.919094
1.00374
0.826767
0.708229
0.869353
0.898073
0.995626
0.78789
0.9263
1.24757
0.63958
0.982975
1.11493
0.782293
0.963468
0.816302
0.924874
