0.981913
0.796176
0.909269
0.914646
0.90844
0.905198
0.843305
0.87812
0.743668
0.822236
1.00392
1.02694
1.18295
0.878466
0.846774
0.816817
1.04687
0.847775
0.984079
1.14581
0.92214
0.827495
0.738034
0.917776
0.969355
0.821365
0.939091
0.902839
0.95203
1.20188
0.849576
0.897635
0.880464
0.942721
0.854035
0.997199
1.00988
0.923374
0.820608
1.02594
0.895158
0.761243
0.857599
1.02867
0.839659
0.53148
0.826711
0.740125
1.01643
0.705816
0.839334
0.991157
0.587123
0.949077
0.945945
0.886438
0.882726
0.813353
0.828132
