1.01894
0.892001
0.994599
0.879421
1.00135
1.01116
0.903622
0.908713
0.728005
0.819985
1.02026
1.01816
1.20052
0.889841
0.809895
0.856109
1.0576
0.943937
1.07864
1.13643
1.05647
0.79692
0.726917
0.991317
0.970994
0.851209
1.05799
0.961788
0.938798
1.19132
0.913025
0.837413
0.903793
0.960382
0.940073
0.93946
0.842588
0.963308
0.910199
0.979547
0.943333
0.794835
0.894664
1.05231
0.872438
0.607484
0.885488
0.804863
0.983092
0.737916
0.855214
0.995978
0.670867
0.963412
0.895002
0.916155
0.886819
0.817668
0.95884
