0.888154
0.999471
0.934995
1.04617
1.19184
1.04013
1.05137
1.06725
1.16426
0.955978
0.88837
1.29103
0.920575
0.931526
1.10847
1.27073
0.967199
1.18334
1.01052
0.907686
0.951368
0.830065
0.953985
1.17762
0.822617
0.834093
1.25976
1.18932
1.07637
1.15994
1.33979
0.853636
1.14669
1.03393
0.947624
0.869381
0.979327
0.993916
1.0228
0.974289
0.953754
0.979417
1.12474
1.01219
1.28189
0.820389
0.95603
0.988578
0.927769
0.881788
0.923473
0.903118
1.09428
0.902022
1.06761
0.835267
0.947526
0.947489
0.981117
1.02118
