0.804639
0.916686
0.94538
1.08423
1.25025
1.08894
0.927644
0.978186
1.16028
0.867436
0.936408
1.03894
0.854345
0.97631
1.16628
1.02743
0.91748
1.20613
1.02247
0.863383
0.882893
0.879108
0.931106
1.12676
0.872973
0.804971
1.01884
1.02989
0.938304
1.18125
1.34431
1.00938
1.01801
0.961946
0.919594
0.788678
0.909476
0.930429
0.932519
1.05665
0.944612
0.991198
0.908799
0.980712
1.03853
0.885115
1.00042
0.938286
0.88376
0.880281
0.948511
0.81723
0.91825
0.95157
0.97664
0.84405
0.772544
0.886901
0.938059
1.09181
