0.82428
0.774992
0.928119
1.10553
1.18016
1.02674
0.941242
0.905007
1.20928
0.847295
0.888299
0.945925
0.838779
0.922533
1.07535
1.10544
0.893888
1.19441
0.976995
0.905721
0.871572
0.752148
0.919061
1.10233
0.902637
0.884694
1.07306
0.956141
0.900696
1.1294
1.30998
0.885449
0.953478
0.986768
0.943182
0.790153
0.901005
0.864269
1.01168
1.0534
0.912847
0.976905
1.01276
0.923209
1.11773
0.847962
0.983015
0.925866
0.685593
0.875052
0.911614
0.773108
1.02936
0.910393
1.08254
0.912768
0.754791
0.905841
0.896073
1.02548
