0.933666
0.926136
0.868512
1.02395
0.885798
0.999128
0.987424
0.853049
0.591863
0.944571
1.0575
1.05673
0.901908
0.753446
0.786804
0.871802
1.02536
0.830873
0.897332
0.738374
0.899049
0.871002
0.974089
1.16667
1.10262
0.844022
0.939469
1.23293
0.950508
0.783114
0.735921
0.946744
0.926248
0.674847
0.828837
0.952426
0.892035
0.844101
0.889563
0.813842
0.955955
0.849234
0.772825
0.935298
0.942886
0.908738
0.811015
1.11157
1.13012
0.883063
0.813614
0.854399
0.763407
0.923215
0.840437
0.78421
0.719761
1.31255
1.13259
0.721142
0.850365
0.896519
0.871705
0.722725
