1.20059
1.0241
0.938795
1.29574
1.00738
0.987305
1.01317
0.778737
0.780815
1.01835
1.20626
1.19204
0.972595
0.928302
0.997794
0.960841
0.965283
0.87633
0.952618
0.867369
1.00076
0.970658
0.913032
1.27112
1.18058
0.892903
0.997331
1.2884
0.966573
0.969315
0.733494
0.999309
0.963807
0.827952
0.998107
1.1613
0.930671
0.891583
1.00019
0.918991
1.02633
0.895586
0.877678
0.892567
0.974042
0.969236
0.870572
1.25568
1.18365
0.911162
0.921567
0.875242
0.854917
1.00319
0.918556
0.870679
0.869688
1.38032
1.17353
0.795362
0.998189
0.891171
0.915771
0.835577
