1.03644
0.887984
0.910865
1.17874
0.882345
1.03993
0.982822
0.880486
0.795431
0.940232
1.07137
1.04841
0.978948
0.980927
0.727995
0.924387
1.0378
0.922735
0.896763
0.731896
0.928288
0.923165
0.937472
1.18237
1.1881
0.861333
1.02766
1.21536
0.939048
0.780272
0.68588
0.96127
0.951053
0.721747
0.852041
1.04479
0.914868
0.85113
0.961716
0.851856
0.979194
0.899858
0.888501
0.966475
0.97661
0.892206
0.871607
1.27828
1.0518
0.92574
0.911077
0.821983
0.799142
0.863027
0.990366
0.834945
0.814839
1.36914
1.1409
0.859106
0.932307
0.911252
0.916545
0.784849
