1.20193
1.21558
0.899952
0.956583
1.00977
0.918378
0.981134
1.14583
1.08984
0.703803
0.771542
0.725624
0.758135
0.938306
0.863749
1.03327
1.00551
1.0437
0.926624
0.946271
0.945376
0.918624
1.21986
0.946082
0.875277
1.06535
1.03506
1.21215
1.49372
1.04308
0.948721
1.07049
0.828137
0.96457
0.873064
1.09598
0.944415
0.86049
1.44826
0.830392
0.929392
0.989114
1.03477
1.20132
0.92882
0.873534
1.19625
0.848958
0.995669
0.984118
1.05476
0.939852
0.853651
1.23518
1.00952
0.749526
0.960361
0.921944
0.814017
0.898911
0.921422
1.17457
0.851802
0.867417
0.839475
0.964159
