1.13501
1.26896
0.864516
0.968078
0.874913
1.00044
0.916938
1.10906
0.946545
0.758222
0.771963
0.835238
0.667534
1.01708
0.897296
0.919848
0.978487
1.02038
0.905385
0.906718
0.993793
0.83919
1.23336
0.851259
0.804865
1.10394
1.09926
1.1459
1.37909
1.0294
0.78515
1.09615
0.830635
0.985174
0.822445
1.06691
1.12904
0.858478
1.42019
0.785635
0.921217
0.925969
1.00082
0.997576
0.890304
0.827645
1.26414
0.848621
1.02386
0.983824
1.00917
0.895766
0.862401
1.23025
0.992821
0.783619
0.958959
0.911993
0.836187
0.853987
0.910357
1.06764
0.791083
0.908029
0.802975
0.940607
