1.19578
1.3307
0.989664
0.970913
1.2456
1.19985
0.985666
1.2732
0.919952
0.773492
0.886195
0.838227
0.677513
1.18337
1.11263
1.08403
1.03763
1.03646
1.07679
1.00963
1.20432
0.859882
1.49003
0.882271
1.08393
1.12119
1.18204
1.28603
1.39173
1.24364
0.922619
1.17516
0.87459
0.953913
0.962696
1.27969
1.25025
0.940485
1.46869
0.747224
0.983434
0.927658
0.946572
1.06998
0.938455
0.959457
1.26813
0.902317
1.14486
1.08069
1.06164
1.15182
1.02031
1.40028
1.23456
0.834196
1.05656
0.91477
0.827697
0.897887
0.994935
1.17382
0.86568
1.05229
0.921189
0.983498
