1.00975
1.05115
0.897047
1.06835
0.879436
0.914812
0.955983
0.890015
0.985831
0.707437
0.874945
0.972325
1.07775
1.49046
1.27641
1.07103
1.00527
1.05751
0.923268
0.861615
0.800561
0.987058
0.956933
1.15967
1.04172
1.07754
0.863614
0.961104
0.817296
0.954151
1.22152
1.01223
1.01467
1.11109
0.891415
1.04194
0.387281
1.08073
1.0002
1.10565
0.962491
0.853007
0.956037
1.22735
0.888817
1.12694
0.980937
1.3482
1.09215
0.929204
1.14507
0.989501
0.86215
0.719281
0.84712
