1.29656
1.03675
1.05108
1.14111
0.955491
0.895903
0.917473
1.06976
1.13087
0.764301
0.831206
1.03155
1.17382
1.48864
1.43569
1.34909
1.04767
1.19476
0.954261
0.889387
0.955007
0.99515
0.922265
0.920907
1.01372
0.980378
0.897888
0.933069
0.911796
0.975904
1.15281
1.03559
1.16778
1.07463
1.2198
1.06191
0.574703
1.21989
1.14461
1.28091
1.14659
1.15925
0.993427
1.30436
1.18014
1.15078
0.978879
1.24959
1.18508
0.900223
1.21614
0.99168
0.887139
0.651246
0.911219
