1.02692
1.07063
0.865554
1.01053
0.821367
0.791227
0.909911
0.803784
0.84547
0.693414
0.853458
0.981949
1.02473
1.3999
1.15679
1.02748
1.03177
1.0055
0.85696
0.907665
0.741513
0.922829
0.956483
0.935711
1.00769
1.00655
0.846609
0.904633
0.788432
0.945058
1.19949
0.915524
1.03537
1.07484
0.928792
1.01705
0.398025
0.932409
1.01053
1.16397
0.895125
0.841263
0.915364
1.20076
0.942517
1.10605
0.971503
1.32466
1.03665
0.865061
1.151
0.925253
0.816464
0.722957
0.877273
