0.871106
0.941414
0.974968
1.16662
1.08665
1.20006
0.968361
0.969539
0.669058
0.92572
0.846231
0.853135
1.07889
0.850497
0.976306
1.15843
0.942844
0.785516
0.983114
0.83119
0.976291
1.06587
0.923663
0.810637
0.911687
0.975302
0.939255
1.21777
0.88106
0.814342
0.748529
1.05875
0.850942
1.02635
1.01025
0.757789
1.10624
0.890296
0.983268
1.32538
0.92334
0.844632
0.796783
0.648157
1.29782
0.89631
0.798526
0.898314
0.847478
1.04731
0.915979
1.0371
0.995272
1.07706
0.975044
0.897862
1.01725
0.870154
