0.931725
0.98381
1.06394
1.27652
1.24946
1.24243
1.02292
0.999548
0.892952
1.02444
0.955046
0.947925
1.11232
0.879714
1.16833
1.3167
0.96796
0.93023
1.12728
0.851631
1.03327
1.1726
0.900339
0.909485
0.941609
0.979708
0.96934
1.35788
0.9123
1.08281
0.855666
1.2151
0.991872
1.17773
0.938478
0.815071
1.17351
0.930659
1.13448
1.62646
0.873421
0.932796
0.855701
0.770551
1.29458
1.15512
0.987782
0.96843
0.901622
1.23965
0.948167
1.14893
1.1382
1.23512
1.11838
1.0231
0.988916
0.843983
