0.899848
0.898828
1.02978
1.08175
0.923142
1.26336
1.02408
0.941781
0.970919
1.08815
0.960878
0.874035
1.07476
0.693067
0.999765
1.07058
0.800833
0.865162
0.901032
0.755799
0.93564
1.20541
0.930938
0.896115
0.880166
0.905979
0.883948
1.07727
0.89101
0.925055
0.800718
0.921112
0.835954
1.0472
1.08833
0.784689
1.19016
0.910537
0.956167
1.42869
0.869369
0.773517
0.779836
0.705729
1.25304
1.01619
0.816277
1.04769
0.748918
1.04559
0.926672
0.9042
0.942515
0.867238
0.912299
0.812682
0.941748
0.895028
