1.30236
1.3257
1.15541
0.918583
0.870114
1.17982
1.15647
1.24461
1.468
1.06492
0.928968
1.21494
1.1641
0.95636
0.966495
0.951527
0.946495
1.25392
0.962434
0.9694
0.918265
1.18945
0.936783
0.964413
0.979982
1.19124
0.913648
1.01632
1.0423
1.00514
1.09405
1.0908
0.92278
1.12485
0.954216
1.0172
1.01369
0.975607
0.942931
1.50709
1.13596
0.87205
1.10901
0.904035
0.968734
0.984646
1.12561
0.960576
1.07401
0.916438
0.97479
1.13317
1.20894
0.964377
0.838234
