1.19522
1.14287
1.19445
0.889067
0.818092
1.26459
1.08149
1.10035
1.17154
0.920024
0.912151
1.01522
1.00941
0.875813
0.871388
0.862441
0.971649
1.06904
0.972816
0.960832
0.896532
1.14024
0.895299
0.942171
0.819935
1.15832
0.902242
0.962241
0.940686
0.824486
0.939519
0.987282
0.706502
1.01766
0.997945
1.03926
1.03009
1.00373
0.934408
1.56282
1.09768
0.954264
1.05162
0.803242
0.972521
0.931253
1.04995
0.83502
0.91077
0.904592
0.958567
0.989503
1.012
0.920495
0.778919
