1.12967
1.03078
1.07936
0.919361
0.785598
1.189
0.920497
1.13178
1.17611
0.966734
0.946278
0.995037
1.00125
0.921625
0.810506
0.798434
0.833517
1.02814
0.995669
0.873524
0.860847
1.12075
0.752936
0.876354
0.802557
1.05805
0.897794
1.07128
0.940711
0.640586
0.940971
0.954816
0.759256
0.985428
0.925961
0.91378
0.995177
1.00335
0.921613
1.50604
1.12121
0.907587
0.89819
0.867241
0.965027
0.967483
1.13522
0.839593
0.869816
0.920078
0.890317
0.905665
1.07055
0.944764
0.779295
