0.991765
0.996005
1.07414
1.02282
0.899578
0.981673
1.09538
1.00894
1.26358
1.12391
1.01963
0.989295
1.10877
1.14288
0.823882
1.28651
0.962784
1.18749
1.01581
1.23826
1.38094
1.23832
1.24807
1.04413
0.979863
1.00983
1.38531
1.00352
1.39768
0.994192
1.11093
1.52901
0.95919
1.24496
1.06552
0.850851
1.08234
1.27833
1.19402
1.07014
0.989807
1.16544
1.03463
0.936314
1.00062
0.982822
1.01202
1.1067
1.00705
1.10391
0.844577
1.32918
1.03785
1.09782
1.15029
1.28669
1.2463
1.34779
1.10537
1.30516
1.05761
1.30433
1.03252
1.1488
1.19366
0.902521
1.17628
1.04427
1.47035
1.04868
1.16564
1.17561
0.828098
0.921076
1.01633
1.06544
1.09989
1.47698
0.982739
0.923519
1.27323
