0.689326
0.961575
0.903828
0.970082
0.801656
0.916959
0.898849
0.990074
1.12015
1.40041
0.819973
1.16054
0.897305
0.832166
0.873527
0.929424
0.916022
0.950885
0.898244
1.20324
0.980304
0.984136
0.821029
0.877007
0.835467
1.20913
1.10011
0.922072
0.917222
0.879786
1.28323
1.17958
0.839131
1.09413
0.958872
0.971581
0.997292
1.0284
1.03163
0.965412
1.1294
0.895971
0.885563
0.872682
1.01253
0.837725
0.820951
0.999301
0.806231
1.05084
0.772351
1.01129
1.09463
0.981684
0.916296
0.973604
0.958162
0.936969
0.756334
0.877723
1.09571
0.985924
0.968056
1.07014
1.00055
0.786592
0.884001
1.1038
1.27188
0.815748
1.1212
0.853471
0.745571
0.765779
0.87752
0.698957
1.0195
0.981455
0.902627
0.770211
0.970025
