0.820698
1.27784
0.76157
1.0864
0.608622
0.93222
0.878137
0.919396
1.02195
1.31078
1.15495
1.17534
0.917461
0.833999
0.862746
1.03162
1.02749
1.02542
0.909186
1.38122
0.988102
0.9042
0.776166
0.765336
0.922951
1.03306
0.945733
0.895659
0.95419
0.862486
1.27236
1.08108
0.999908
1.11232
0.850177
0.818416
0.746609
1.01073
0.850923
0.833457
1.16321
0.772551
1.00702
0.870148
1.06216
0.809472
0.872517
0.923821
0.799773
1.11297
0.735255
0.9461
1.25733
1.06577
0.987872
0.910126
0.980157
1.00376
0.994561
0.88999
0.787153
0.88435
1.00057
0.908999
1.16681
0.741808
0.812427
1.29922
1.0643
0.719077
1.02496
0.831279
0.892037
0.69196
0.749365
0.609906
1.16855
1.08967
0.942836
1.06306
0.998336
