1.23167
0.951962
0.857771
0.904865
0.880412
0.906246
0.826404
0.835381
0.863791
1.01962
0.91546
0.935327
0.737495
1.47977
0.695956
0.99148
1.00512
1.14163
0.795961
0.935145
1.18708
0.826897
0.878407
0.796867
1.34938
0.924623
0.809519
0.926128
1.11533
1.08307
1.01016
1.00723
1.13087
1.12281
1.15301
1.38214
0.976881
1.02913
0.941494
0.875616
0.965505
0.965389
0.97282
1.03593
1.28331
0.951341
1.14207
0.811132
1.11646
1.08419
0.957329
1.03137
0.932068
1.30974
1.00794
0.894769
0.870481
