1.47308
1.07962
0.918498
1.03485
0.96449
1.14821
0.947515
0.861756
0.968204
1.18325
1.04714
1.01199
0.997323
1.52826
0.887784
0.993485
1.25024
1.17704
0.87886
1.02012
1.29167
0.913529
0.977358
0.78997
1.41847
0.952927
0.845564
1.07054
1.22104
1.021
1.03649
1.06483
1.08377
1.41718
1.35383
1.51931
0.996042
1.21848
0.958276
0.864517
0.988239
0.968323
1.07504
1.21947
1.31761
1.07251
1.34755
0.959496
1.31883
1.23037
1.02821
1.09326
1.24832
1.47459
1.16874
0.936239
0.9901
