1.27592
0.871798
0.960088
0.866526
0.862587
0.921038
0.821638
0.729493
0.856493
0.985044
1.01099
0.946152
0.913124
1.41971
0.744871
1.08703
1.19437
1.11341
0.908157
0.890556
1.09724
0.78904
0.94744
0.856222
1.40649
0.897821
0.866616
0.898128
0.964144
1.0994
1.06178
0.965956
0.994351
1.08243
1.11445
1.31796
0.936107
1.05221
0.963082
0.8728
0.916857
0.966671
1.08026
1.02081
1.30338
1.02982
1.1879
0.792476
1.06025
1.12202
0.965899
1.0173
0.943613
1.23747
1.01478
0.980691
0.874232
