0.836479
0.92946
1.02257
1.04559
1.00484
1.00045
0.983105
0.894886
0.965651
0.909625
0.962914
0.963075
1.02915
1.0584
1.27885
0.954752
0.922195
0.949576
0.983262
1.09874
0.994454
1.09048
0.859966
0.996925
0.866744
0.924294
0.925257
0.978539
0.964215
1.03431
1.32434
0.943629
1.25666
0.974762
1.01834
0.895918
0.99336
0.94986
1.08718
0.754291
1.16443
0.88206
0.794128
0.946796
0.963631
0.940805
0.891459
1.10296
0.986922
1.16447
1.04263
1.10007
1.20888
0.95415
0.855282
1.16823
1.05128
1.17123
