0.832108
0.884903
1.03181
0.916387
0.937331
0.999349
0.955461
0.794137
0.826642
0.96652
0.923304
0.8839
1.0044
1.06303
1.16684
0.824356
0.952061
1.01539
0.976224
0.918454
0.919757
1.09949
0.780735
0.965339
0.979948
0.922416
0.96624
1.01234
0.85455
1.08448
1.14536
0.920784
1.37903
1.05006
1.02204
0.862271
0.923111
0.869929
1.01512
0.666927
1.00377
0.882694
0.851516
0.849544
1.03695
0.748947
0.892294
1.01859
0.974445
1.22506
1.00434
1.14065
1.17873
0.977845
0.891936
1.10511
1.10634
1.0072
