0.877631
0.952009
1.02177
1.04219
0.948067
1.0721
1.03983
1.02217
0.954239
0.996894
1.11025
1.03459
1.13132
1.04006
1.33532
0.943207
0.992447
0.926817
1.12596
1.03052
1.05897
1.23707
1.08618
0.951959
1.08544
0.989811
0.927591
1.196
1.13734
1.08634
1.12518
1.06844
1.49992
1.06173
1.15674
1.01544
1.11158
1.04268
1.19038
0.8842
1.31825
0.810181
0.85472
0.981423
0.99708
1.06478
1.05485
1.18761
1.02129
1.32416
1.10287
1.16869
1.27285
0.961173
1.07006
1.33974
1.06821
1.40186
