0.770216
0.810474
1.15387
0.959569
1.14294
0.900377
1.0828
1.26629
1.11337
0.870852
0.967542
1.15093
1.06906
1.05438
1.20274
0.88008
0.847915
0.89003
0.994369
0.924808
0.951824
0.985491
0.994505
0.799556
0.832301
0.789048
0.921242
0.912481
0.741293
1.01546
1.13079
1.09195
1.2701
0.925401
0.69657
1.45426
0.762375
0.930834
1.43488
1.2745
0.751936
0.821862
1.09495
0.759411
1.26007
1.04734
1.29021
1.04595
0.912361
0.893689
0.918725
1.08674
1.09582
1.16159
0.929499
