1.04139
1.03329
1.13014
1.02949
0.940895
0.936793
0.974581
1.04306
1.01273
0.873316
0.833546
0.78755
0.896599
0.994511
0.861764
0.767909
0.843219
0.791053
0.7657
1.00924
0.983548
0.969042
0.841567
0.669092
0.857402
0.898739
0.926733
0.766141
0.932054
0.80388
0.901508
0.670308
1.02675
0.652932
0.496392
1.20165
0.925601
0.758997
1.04262
0.944321
0.724291
0.791019
1.12042
0.605753
0.926741
0.894874
0.873614
1.09095
0.889791
0.823205
0.966504
0.93886
1.07683
0.815494
0.879608
