0.703088
0.975529
1.15953
1.00166
1.0289
0.916279
1.07512
1.13596
1.06627
0.661284
0.800653
1.0152
1.01309
0.978039
0.92753
0.970283
0.907963
0.763131
0.891788
0.804811
0.921031
0.978708
0.963023
0.752765
0.845779
0.8302
0.939442
0.928175
0.787126
0.962846
1.06322
1.02274
1.14224
0.869781
0.715027
1.19167
0.838297
0.943274
1.284
1.14668
0.719237
0.810541
1.03777
0.76473
1.10438
0.903166
1.10019
1.03831
0.908987
0.808659
0.900279
1.11562
1.13181
1.10548
0.92121
