0.705645
0.705877
0.98445
1.13472
0.978409
0.883625
0.846489
0.780436
0.787119
1.18198
0.777249
0.812206
0.792044
0.761071
0.642368
0.806758
0.894038
1.39369
0.699137
0.849621
0.87546
1.01428
1.32161
0.95117
0.728417
0.918472
0.955499
0.869191
0.872868
0.992933
0.891646
1.0279
1.08165
0.830364
0.815686
1.12262
0.957905
1.07093
0.703796
0.801588
0.939884
0.853748
0.95966
0.922332
0.661838
1.08403
0.834133
0.781235
0.857836
0.855246
1.19183
0.813821
0.826357
