1.07847
0.935552
1.03468
0.911899
0.762512
0.916318
0.957522
1.0322
0.817357
1.34945
0.870982
1.05182
0.866991
1.10166
0.944639
0.971305
0.823695
1.48073
0.855442
0.999531
1.11607
1.11474
1.2658
0.965575
1.02231
0.934623
1.18297
1.05328
0.845537
0.971609
0.946172
1.16508
1.12189
1.02198
0.890186
1.33077
0.976172
1.27643
1.01127
0.925902
1.04046
0.965488
1.21825
1.08187
0.874443
0.963493
0.883614
0.949897
1.12082
1.02031
1.34271
1.01558
0.949811
