0.710761
0.981891
0.860443
0.94381
0.637364
0.918212
0.927797
0.850957
0.769236
1.18194
0.778945
0.956519
0.816288
0.964818
0.82049
0.999428
0.862395
1.41326
0.839309
0.964241
0.958783
1.0984
1.32936
0.92753
0.859803
0.958104
1.19511
0.900305
0.738913
1.01736
0.951608
0.981551
1.18445
1.14663
0.956627
1.29659
0.926032
1.11557
0.815531
0.951671
1.00145
0.962618
1.02324
0.861173
0.797221
1.26712
0.888991
0.919361
0.970872
0.954053
1.33422
0.976938
1.0008
