0.893638
1.20569
0.764107
0.958356
1.21173
0.616097
1.01636
0.708005
0.917837
1.01898
0.761818
0.682486
0.851584
0.643834
1.04746
0.881361
0.806758
0.959299
0.888552
0.965271
0.848744
0.806975
0.896371
0.775228
0.787793
1.16522
1.08226
1.14067
0.753264
0.913038
0.972676
1.09918
0.831213
0.681609
0.869949
0.700337
1.01145
0.982851
1.05496
1.04316
0.987073
1.06634
0.822769
0.965034
1.13277
1.23432
1.23241
1.11418
0.762892
0.998651
1.02154
0.818997
0.913513
1.12743
