0.963673
1.3851
0.878567
1.13548
1.38934
0.903943
1.0233
0.955795
0.918032
0.966601
0.644504
0.784116
1.01959
0.539873
1.01478
1.00305
0.804853
0.991575
0.986006
0.816103
0.853191
0.845699
0.943623
0.814106
0.777112
1.06257
1.00973
1.11453
0.734285
0.983094
1.06978
1.21774
0.984913
0.814232
0.979575
0.971458
1.0207
1.09231
1.13647
1.05121
1.12158
1.07139
0.914964
1.16382
1.50557
1.18961
0.957651
1.17481
0.877098
1.13953
1.1155
0.938002
0.925936
1.10349
