1.04698
1.29286
1.14326
1.12779
1.03313
0.978656
1.00871
0.903531
0.871014
1.08694
1.11999
1.08966
0.799619
0.868986
1.17331
0.828057
1.04365
0.99572
0.964947
0.829285
1.08881
1.00125
0.919887
1.0512
1.06254
0.970263
0.944444
1.01691
0.803501
1.11883
0.963551
1.26401
0.954389
0.990943
1.04763
0.833608
0.957848
1.20392
0.767279
1.1194
0.850901
0.989628
1.23652
1.17739
1.06593
1.08141
1.0124
0.933979
1.07212
0.934987
0.937482
1.15856
1.04244
0.820999
