0.93331
1.07834
0.968392
0.957073
0.895133
0.95458
0.9159
0.88635
0.825558
1.10445
0.959869
1.02717
0.895231
0.860305
1.13239
0.832617
1.03232
0.863221
0.895484
1.13784
1.06254
0.908026
0.880797
0.900656
0.977081
0.996035
1.00932
1.02527
0.852647
0.821171
0.933429
1.13945
0.888694
0.921143
0.941343
0.675169
0.885623
1.17825
0.850894
1.01451
0.83877
0.975401
1.14075
1.13835
0.997775
0.835962
0.922288
0.884977
0.861021
0.737624
0.699896
1.06672
1.00124
0.830946
