0.894016
1.0472
0.704953
0.815934
0.810192
0.746495
0.656255
0.979366
0.788806
1.10263
0.851773
0.65217
0.744457
0.783441
0.669735
0.646037
0.823932
0.867656
0.935451
1.01287
0.974171
0.960651
0.806937
0.847021
0.828626
0.87149
1.00684
0.955963
0.74175
0.716515
0.938463
0.813271
0.834202
0.909093
0.616766
0.606638
0.867588
0.887307
0.856813
0.873377
0.9485
1.10049
0.830314
1.01178
0.852183
0.615274
0.761933
0.849621
0.723396
1.03617
0.603486
0.857726
0.91668
0.894415
0.93294
0.79719
0.76245
0.839264
0.795982
