0.928984
1.21964
0.914308
1.13255
0.89877
0.872603
0.797693
0.923494
0.998845
1.0766
0.854942
0.89815
0.762465
0.890459
1.05473
0.798402
0.846786
0.989159
0.941431
1.24697
0.92122
0.937602
1.16449
1.09113
0.856052
1.01998
0.971569
1.08988
1.3165
0.867785
1.08152
1.11054
0.975201
1.14768
0.85095
0.909063
0.874329
0.966267
0.989306
1.0676
1.06505
1.11972
0.934545
0.887814
0.929394
0.823982
0.725339
1.06527
0.905754
1.19406
0.969382
1.0288
0.922019
0.864119
1.09795
0.929287
0.970067
1.00284
0.832099
