0.96791
1.08582
0.80134
0.884486
0.896359
0.665508
0.780278
1.1561
0.723377
1.16539
0.909655
0.725489
0.721573
0.871138
0.604234
0.734093
1.12445
1.04134
0.973179
1.11868
0.799685
1.19998
0.821765
1.09776
0.900793
0.753883
1.04522
1.01339
0.788794
0.851454
1.08793
1.05718
0.868549
0.959719
0.772604
1.02921
1.22467
0.866516
0.976299
0.807571
0.903322
1.14217
0.869708
1.16602
1.09007
0.775099
0.914076
0.87344
0.897362
0.984244
0.778258
0.94632
0.825041
0.716974
0.715138
0.981373
0.830932
1.03127
0.840212
