0.905044
0.716923
1.01573
0.970037
0.96801
0.822115
0.880161
0.780916
0.910644
0.80803
1.08824
0.736211
1.0276
0.857866
0.781153
0.604963
0.84587
1.09493
0.932649
0.842634
0.686897
1.11202
0.84985
0.795456
0.861965
0.971023
1.01612
0.913713
1.13625
0.764023
0.74903
0.947864
0.770639
1.02792
0.949882
0.732187
0.790999
0.916155
0.71215
1.03786
0.963399
0.89337
0.753972
1.13177
0.908016
0.828596
0.957444
0.787471
0.803254
0.842398
0.759228
0.966624
1.24114
1.14923
0.884972
0.853479
1.04862
0.833773
0.883588
0.772823
0.791439
0.602351
0.800267
0.841811
0.978078
1.01556
