1.00954
0.94254
1.25961
1.22332
0.950501
0.980672
1.11823
0.836301
1.00271
0.798133
1.10325
1.21696
1.08992
0.901462
0.872699
0.982635
0.938883
1.12109
0.867882
1.1111
0.749861
1.32023
0.951307
0.891206
0.893459
1.03387
0.97724
1.03817
1.07553
0.920141
0.773379
0.902684
0.937857
0.858379
0.995849
0.951735
0.916539
1.17129
0.91125
1.19606
1.18119
0.908345
1.04523
1.40677
1.20772
0.845249
1.03925
0.945835
1.14048
0.851318
0.823406
1.30833
1.05215
1.2301
1.0538
0.973015
1.37474
0.858546
0.79208
1.24986
0.931487
0.855829
0.843944
1.05313
1.40812
0.881513
