0.920185
0.885548
1.0502
1.08557
0.988887
0.750497
0.825426
0.829059
0.786519
0.768222
1.072
0.774064
1.18676
1.02727
0.925731
0.880515
0.836863
1.25114
1.04592
0.956087
1.02042
1.05573
0.831399
0.857849
0.837657
0.866961
1.00008
0.92517
1.18077
0.783896
0.973729
0.98966
0.919275
1.01853
0.888295
0.779957
0.842248
0.963426
0.909215
1.12016
1.04066
1.19156
0.805097
1.11074
1.03561
0.93262
1.05146
0.906535
0.951429
0.992612
0.820046
1.00009
1.14353
1.22263
0.899995
0.847934
1.15606
0.884894
0.869614
0.761442
0.943714
0.643156
0.880532
0.861606
1.03395
1.06281
