0.960994
0.772621
1.02032
1.08341
0.734464
0.73687
0.841261
0.93491
0.90574
0.598329
0.816828
1.03146
0.992593
0.69207
0.879066
0.817514
0.787199
0.782284
1.02828
0.837236
0.841482
0.804611
0.836589
0.886113
0.914625
0.558497
0.864258
0.853851
0.652274
0.819882
1.18805
0.838671
1.10476
0.989324
1.03336
0.859719
0.916069
0.898633
0.840647
0.838431
0.497631
0.711688
0.825302
0.877101
0.98986
0.845448
0.941432
0.973189
0.823082
1.09755
0.787129
1.0746
0.659954
0.855782
0.860462
0.889889
0.827849
1.06834
0.856886
0.793946
1.02852
1.12341
