1.24021
1.13732
1.27455
0.868944
0.740555
1.19465
1.05161
0.933079
1.01057
0.844949
1.07848
1.30642
0.855944
1.0284
0.744333
0.967578
0.812534
0.964972
1.21539
1.04753
0.801914
1.37775
1.19606
0.857012
1.18695
0.773051
0.972245
0.939474
0.903111
1.11894
0.932003
0.973624
1.32681
0.947896
0.855812
1.01124
0.989059
0.924881
0.903925
0.913092
0.984455
1.32762
0.847825
0.945711
1.04112
1.05371
0.973593
0.956105
1.10981
0.933296
0.88806
1.037
0.869157
0.721771
0.822395
0.988877
0.892832
1.08581
0.738996
0.886477
1.24878
1.34999
