1.03298
0.704633
1.14135
1.28707
0.844117
0.825984
1.0456
0.853565
0.920413
0.680788
0.920469
1.14682
0.979364
0.92233
0.926722
1.04894
0.923089
0.919493
1.1555
0.898107
0.957801
1.05087
1.00292
1.05503
0.939128
0.754606
0.917727
0.837948
0.845197
0.825263
1.22699
0.869026
1.0678
1.03739
0.986211
0.766936
1.00695
0.992353
0.892849
0.91916
0.715599
0.9194
0.91105
0.885875
1.23768
0.778654
0.992541
1.15052
0.991924
1.0746
0.673271
0.97153
0.916945
0.671407
0.952555
0.91311
0.803155
0.984303
0.816577
0.839803
0.980882
1.0635
