0.92548
0.988365
0.963991
0.937404
0.87359
0.667791
0.781005
0.938338
0.673162
0.991252
0.728261
0.910879
0.719705
0.944421
1.01473
0.979529
0.859027
0.696534
0.948141
0.8684
0.910625
0.730682
0.964999
0.628759
1.0669
0.884923
0.76153
0.895008
0.888635
0.962058
0.818016
0.992769
0.78832
1.01893
0.897418
0.941627
0.713658
0.690619
0.75914
0.999262
0.818632
0.994909
0.683055
0.83462
0.993343
0.682289
0.887443
0.663488
0.8398
0.762258
0.775173
0.74495
0.814496
0.767315
0.759369
0.919867
0.793579
1.00392
0.830113
1.02484
0.470249
0.719987
0.919535
