1.11125
1.09401
1.02929
0.858931
1.02043
0.934958
1.0432
1.13992
1.06723
0.983378
1.11863
0.856423
0.923519
1.07383
1.12954
0.97303
0.994967
0.973471
1.06135
1.04398
1.25243
0.977598
0.91559
1.02647
1.14265
0.857679
1.3131
0.956926
1.06519
1.28138
0.986832
1.19115
0.851958
1.07588
1.19347
1.1663
1.04165
1.07956
1.08292
1.32443
0.92679
1.36746
1.1336
0.92466
1.37616
1.02664
1.09149
0.998861
0.974073
0.852688
0.823052
1.02858
1.39641
0.855362
1.19352
1.27195
1.31026
1.04181
0.843589
0.991161
1.00829
0.92342
0.989533
