0.866218
0.908118
1.05435
0.889038
1.06592
0.915955
1.0499
0.843452
0.76235
0.965343
0.648411
1.06786
0.735318
1.04419
1.05597
0.864214
0.945417
0.81108
0.86126
0.958126
1.02161
0.8602
0.997053
0.740269
1.1567
0.789287
0.895297
0.940047
1.03702
1.01598
0.890414
0.972863
0.937028
0.744316
1.15063
1.02746
0.88921
0.8998
0.969455
1.04812
0.811255
1.2301
0.75947
1.0316
1.16424
0.941826
0.909595
0.886443
0.740301
0.94247
0.938435
0.935983
0.941349
0.844503
0.985014
1.20785
0.801421
1.16382
0.846034
1.09753
1.0013
0.827062
0.915404
