0.992307
0.858187
1.15625
0.76005
0.901479
0.851898
0.924344
1.05741
0.770518
0.715851
0.825561
0.856333
0.944504
0.971277
0.796973
0.723116
0.977983
0.720336
0.760105
0.898053
0.984738
0.861731
0.755112
0.988282
1.05947
0.838762
1.14462
0.916527
0.755385
1.23841
0.973033
0.954833
0.817344
1.05083
0.779659
0.869861
0.909057
0.644852
0.886168
0.822895
1.16766
0.770404
1.04601
0.968463
0.945562
0.99549
0.612076
0.801983
0.956699
0.837884
0.854041
0.966262
0.805477
0.919361
0.817761
0.595128
0.93277
0.855763
0.764534
0.737756
0.808119
0.791396
0.675696
0.929736
0.755821
0.975039
0.757387
0.895782
