1.12313
0.962409
1.07676
1.09246
0.928162
0.855124
1.09708
1.22001
0.970456
1.12158
0.855283
0.856496
0.921277
1.04486
0.813787
1.00392
1.16131
0.89416
1.07018
0.984239
0.978423
0.906083
0.982245
1.12101
1.07501
1.13536
1.10438
0.881857
0.767212
1.42549
1.18301
1.17172
0.988205
1.30485
1.02932
1.06
1.05747
0.899532
0.987446
1.15057
1.03643
1.00269
0.853861
1.49229
1.00846
0.871405
0.780424
0.954558
1.07021
0.924876
0.831382
1.0494
1.02528
1.09504
0.86333
0.963495
1.07613
1.03333
1.06284
0.948415
0.985172
1.10529
1.08063
1.02364
1.25214
0.947152
1.30282
0.84943
