1.03436
1.02134
1.20455
1.00449
0.977188
0.784319
1.0184
1.06152
1.04078
1.02777
1.06225
1.0533
0.890948
1.06328
0.810605
1.27265
1.1424
0.817494
0.906911
1.0482
1.02055
0.845307
0.849153
0.937201
1.04395
1.11272
1.2182
0.955116
0.830489
1.4983
0.810316
1.01505
0.963566
0.999462
0.857262
0.963288
0.904828
0.842754
0.824242
0.840819
0.968276
0.899272
1.01287
1.2762
1.11459
1.0185
0.818326
1.221
1.06617
0.973996
0.891497
1.14902
0.926774
1.19721
1.09571
0.812718
1.044
0.913595
0.832476
0.762909
0.772347
0.74129
0.804109
0.994676
0.893726
1.03731
0.931066
1.2032
