1.01009
0.956263
0.805582
0.753171
0.887101
1.32095
1.08608
0.808594
0.87567
1.17646
0.941327
0.982875
0.871355
0.903152
0.737116
1.19853
0.745141
1.2229
1.02018
1.13285
0.994714
1.02311
1.3631
1.03253
0.949022
0.966772
0.941054
1.34546
1.00629
1.11203
1.16086
1.12644
1.28153
1.07039
1.07316
0.81984
0.714482
0.705143
0.826072
0.955086
1.15906
0.937437
1.17551
0.797606
0.867994
1.05483
0.940831
0.714587
0.800494
1.1217
0.954643
0.823973
0.952763
0.85807
