1.07674
1.00578
0.902872
0.536743
0.868396
1.17036
1.06254
0.740759
0.85585
1.18521
0.940239
0.820885
0.840781
0.933805
0.853098
1.15317
0.901442
0.90725
0.907303
1.02349
1.00573
1.01351
1.44736
1.17486
0.855601
1.11561
0.804035
1.36069
0.884656
0.943223
1.32714
1.0885
1.11965
1.02443
0.977154
0.696538
0.763407
0.688444
0.72538
0.9015
1.02828
0.875385
1.2132
0.687667
0.873594
1.13819
0.930659
0.712039
1.03585
0.942107
0.882099
0.768586
0.898623
0.876201
