0.885904
0.831017
1.02951
0.845011
1.14716
1.02779
1.02263
0.968782
0.875346
0.820129
0.823392
0.723204
1.37553
0.825682
0.674428
1.01913
0.786127
0.854262
0.902041
0.796773
1.10072
0.952856
0.913381
0.937756
0.826359
0.971895
1.05882
0.982111
0.775777
0.917713
0.750982
0.821589
0.88162
0.679803
0.755825
0.859443
0.951974
0.950687
0.792778
0.969933
0.946883
0.882972
0.876521
0.928386
0.783069
0.978673
0.999952
0.940727
0.954945
0.813912
0.90077
1.09607
1.05158
0.797931
0.812486
