1.07439
0.945982
1.4412
1.01209
0.969732
1.43111
1.27772
0.983725
0.874213
0.843091
1.0121
0.814883
1.1463
1.04013
1.10087
1.20454
0.913822
0.95732
0.863099
0.818214
1.33857
1.18342
1.26644
1.40498
1.25417
1.15331
1.32797
0.950269
0.849607
0.977343
0.893306
1.02139
0.87203
1.05057
0.974633
1.15702
0.962384
1.01853
0.995905
0.870174
1.00857
0.948149
1.09444
0.988092
1.03224
0.875911
1.01507
0.958244
1.04521
1.15618
1.15295
1.25495
1.13715
0.959435
0.998504
