1.10085
1.04128
1.09899
0.862808
1.07867
1.07854
0.957914
0.872902
0.859815
0.867551
0.984982
0.87727
1.31807
1.02623
0.828132
1.14857
0.708766
1.16214
1.00238
1.02826
1.32221
1.08898
1.08987
0.985555
0.955216
0.936522
1.09008
1.0173
0.808377
1.04031
0.678545
0.903638
0.821265
0.834305
0.739361
1.13742
0.888289
1.1166
1.19282
0.971449
0.914276
0.885705
1.07429
0.856505
0.706739
0.977725
1.01236
0.992878
1.02813
0.956633
1.015
1.29948
0.971916
0.869604
0.874901
