0.83616
0.818612
0.885263
0.728053
1.04187
0.898379
0.920283
0.962204
0.693272
0.818517
1.02452
0.726703
0.851853
0.943892
1.00391
1.04962
0.719473
0.839994
0.761502
0.981499
1.12163
0.878774
1.18191
0.812773
0.956627
0.865013
0.905379
0.78566
0.815773
0.756061
1.04458
1.10364
1.0576
0.84894
0.816156
0.932759
0.854061
0.924025
0.829976
1.33066
0.704345
0.651007
1.10718
0.744857
0.979353
0.831085
1.07763
1.01409
0.650611
0.812311
1.12365
1.14279
0.819405
0.990988
1.02849
0.813939
