0.963376
0.889586
0.869152
0.850667
0.921806
1.15229
0.936703
0.984605
1.01698
1.26161
1.34982
0.909008
0.964722
1.21421
1.10555
0.975805
1.10079
0.978191
0.803404
1.07853
1.29864
1.21502
1.58991
0.929757
1.18759
0.968957
0.877526
0.909707
0.923344
0.953266
1.07788
1.2931
1.37007
0.923514
1.08031
1.04221
1.24142
1.04004
0.869536
1.68128
0.835483
0.729695
1.13695
0.828401
0.868396
0.803339
1.08697
1.037
0.857975
1.05536
1.11689
1.19504
1.07496
1.12458
1.14915
0.851211
