0.909395
0.912039
0.915685
0.783437
1.0377
0.797773
0.953165
1.02105
0.824324
0.606423
1.05036
0.802804
0.741507
0.891371
0.995381
0.959588
0.895866
0.9064
0.656579
0.937201
0.96991
0.75158
1.20844
1.07913
0.933718
0.850472
0.881105
0.766617
0.703534
0.979182
1.18761
1.0202
0.999813
1.13807
0.869976
0.585134
0.833817
0.844276
0.858833
1.27807
0.63733
0.710923
1.11781
0.738695
1.09336
1.05119
0.737007
1.04497
0.876078
0.801321
1.13116
1.1229
0.94378
0.978181
1.15607
0.758951
