1.00087
0.728397
0.908339
0.902184
0.958635
0.84582
0.791553
0.820361
0.918777
0.814984
0.905363
0.92001
0.994303
0.947902
0.786413
0.726406
0.957898
1.0075
0.81622
0.864538
0.818062
0.923512
0.930117
1.14429
0.84683
1.06466
1.22908
0.642843
1.04463
0.987954
0.941242
0.97991
0.812204
0.855952
0.748509
0.925323
0.876362
1.01006
1.03324
0.747944
0.96288
0.826136
0.878328
0.752061
0.861146
0.823926
0.893926
0.925138
0.68608
0.910747
0.88751
1.05705
0.886223
0.902613
1.03457
0.792021
0.944518
0.95476
0.775011
1.28387
1.04889
1.03628
1.19672
1.06683
0.75873
1.02431
