1.08951
0.782944
0.83443
0.987868
0.965137
0.92553
0.798309
0.885772
1.1133
0.864298
0.871015
1.05161
1.34194
0.883492
0.980511
0.836787
0.973953
1.32934
1.01338
0.885587
0.776497
1.28685
1.09004
1.15936
0.894449
1.30596
1.30096
0.726397
0.908534
1.24105
0.889998
0.927095
0.846979
0.833869
0.96917
0.937821
1.03819
0.966802
0.999556
0.844868
0.939632
0.965413
1.13442
0.968518
0.883428
1.00496
1.06501
0.812933
0.825784
0.963736
0.924688
1.01416
1.11126
0.903744
1.36715
0.954597
0.896429
1.26413
1.08543
1.12917
1.00416
1.18833
1.2197
1.34893
0.765372
0.919075
