0.924922
0.831333
1.11199
1.0025
1.0988
0.626327
0.89331
1.0247
0.867257
0.916044
0.921158
0.963902
1.02969
0.990311
0.946149
0.891264
1.181
1.02152
0.895891
0.921297
0.719187
0.977687
1.09183
1.09932
0.870505
1.00476
0.994682
0.799496
1.05057
1.01108
1.03007
0.946388
0.823498
0.893364
0.873618
0.855037
1.03048
1.03843
0.990803
0.968043
1.07901
0.797307
0.820604
0.817723
0.962052
0.76479
1.04612
1.01956
1.15987
0.858866
0.996816
1.05847
0.804265
0.84621
1.05697
0.786478
1.10396
0.858739
0.772427
1.09383
1.14745
0.841187
1.18464
1.08544
0.93232
0.928018
