1.03223
1.24243
0.834643
0.87899
0.902973
1.00152
1.23632
0.980817
0.907903
0.78643
0.695236
1.09358
0.705237
1.22182
0.792597
0.757875
0.903773
0.914169
0.971033
0.948337
0.736951
0.870149
0.616322
0.85804
0.662008
0.953777
0.719196
0.95001
0.822172
0.827365
0.812588
1.12623
0.874952
1.22658
0.949412
0.923252
0.803358
0.917862
0.703054
0.663425
0.99694
0.925776
0.978182
0.781614
0.874907
0.836881
0.767679
0.816273
1.01681
0.902731
0.772718
0.828937
0.76169
0.841296
0.890666
1.03851
0.903286
1.00081
0.859356
0.737553
0.887188
0.723913
0.803375
0.874518
0.985162
0.87689
0.930722
