1.07483
1.35303
1.05872
1.02679
0.977983
1.15251
1.3241
1.0015
0.904014
0.926996
0.871128
1.38005
0.855162
1.22654
0.84035
0.9241
0.975198
1.07876
0.911688
0.962502
0.769694
0.826269
0.804107
0.88542
0.9199
0.999041
0.792437
1.1901
1.07139
0.948645
0.818646
1.46614
0.738203
1.00598
1.36539
1.07577
0.955663
0.859402
0.849362
0.687799
0.99792
1.0158
1.00635
0.792672
0.98185
1.05979
0.899605
0.976502
1.03613
1.19946
0.842898
0.867232
0.80207
0.945241
0.922414
0.869885
0.903501
0.95126
0.867489
0.848623
0.966137
0.618175
0.667298
0.854799
1.0301
0.753939
1.0366
