0.93045
1.11284
0.776812
0.984952
0.918147
1.0225
1.00623
0.816882
0.875412
0.655668
0.671246
1.11632
0.744391
1.31364
0.850554
0.728931
0.914128
1.05393
0.987292
1.08478
0.589027
0.875692
0.548042
0.823051
0.824707
0.910904
0.912615
0.861345
0.877489
0.914519
1.22647
1.10761
1.10987
1.30036
0.974786
0.9693
0.859899
0.845176
0.831843
0.933522
0.989803
0.737656
1.04133
0.729251
1.00467
0.752674
0.767401
0.804993
1.02461
1.08684
0.827567
0.570232
0.815153
0.832036
0.827374
0.987914
1.06753
0.957559
0.912791
0.897979
0.893974
0.832409
1.21728
0.836995
1.06191
0.789119
0.877063
