0.793434
0.905478
0.742485
0.671548
0.779205
0.825232
0.772047
0.909932
0.952083
0.738874
0.876959
0.975755
0.835382
1.28467
1.1323
1.05044
0.881352
0.917869
1.02755
0.670598
0.970457
1.01957
0.739868
1.08493
0.890741
1.14478
1.24404
0.880622
1.01784
0.82725
1.1172
0.98939
1.00976
0.748156
0.859506
1.09294
0.802134
0.947778
0.963495
1.02178
0.829923
0.879486
0.775742
0.742863
0.823205
0.892799
1.0883
0.818576
0.775469
1.11779
1.03511
0.886874
0.898067
0.867309
0.941157
1.01408
0.907342
1.14745
1.01162
