0.815225
0.821336
0.903554
0.778405
0.992498
0.928921
0.861886
1.21293
1.22024
0.919172
0.949382
0.876017
1.10128
1.51585
1.17165
1.06787
0.78905
0.950698
1.44693
0.819926
0.933619
1.1137
0.897734
1.04674
0.877521
0.937065
1.12473
0.894631
0.959673
1.04901
1.24686
0.962917
1.07576
0.788382
1.01568
1.27045
0.819226
1.02913
0.824595
1.21221
0.989534
0.842532
0.952996
0.826171
1.4683
0.918417
1.25175
0.785019
0.855284
1.14547
1.07786
0.906796
1.12707
1.09849
1.23242
1.18477
0.911532
1.15825
0.973165
