0.763678
0.925828
0.606838
1.06308
0.890474
0.87502
0.794281
0.852421
0.858168
0.781954
1.14216
0.965224
0.829017
1.06511
1.07989
1.04308
0.828508
0.818767
1.038
0.69979
0.989514
1.02358
0.815979
1.01931
1.02308
1.17652
1.37542
0.865182
0.832665
0.76244
1.05004
1.05081
1.08404
0.819098
0.725253
1.00618
0.983664
0.938435
0.909472
0.956999
0.841836
0.880203
0.826648
0.902998
0.813664
0.899912
1.07162
1.09552
0.896605
1.17648
1.10939
0.959315
0.965798
0.812704
0.919837
0.827902
0.900604
0.90901
0.909038
