0.679667
0.878623
0.714003
0.836945
0.77625
0.848378
0.913656
0.832338
0.954485
0.953339
1.1151
1.06181
0.77853
0.813797
0.832443
0.820369
0.855624
1.02792
1.19073
0.880995
1.07246
0.89065
0.780419
1.09859
0.894643
1.0257
1.17918
0.83819
1.01474
0.826467
1.01867
0.830716
1.03187
0.963771
0.940313
0.979966
0.916696
0.84257
0.888337
0.844428
0.768778
1.16388
0.803325
0.955129
1.02152
0.921419
0.98728
1.03241
1.26742
0.820889
1.04436
0.978035
1.15552
