0.685639
1.07903
0.744383
0.848665
0.790883
0.884071
0.990347
0.708988
0.9691
0.923834
1.12716
0.977891
0.924093
0.872003
0.979483
0.6939
0.930832
0.886666
1.20647
0.916381
1.13034
0.873169
0.848553
1.06277
0.952014
1.15967
1.19651
0.894631
0.913068
0.927336
0.857894
0.928905
0.948212
1.07478
0.83365
0.857093
0.899861
0.939958
0.858298
0.920049
0.816107
1.1409
0.813304
0.97935
0.851331
0.978089
1.09186
0.85625
1.11993
0.795309
0.792758
1.02163
1.25973
