0.767099
0.863074
1.22679
0.839403
0.976429
0.796484
0.725515
0.860913
0.972158
0.786553
1.01237
1.05014
0.972889
0.677218
0.921378
0.83737
0.847864
0.810156
0.913548
1.14982
0.842807
0.754907
0.757362
0.904186
0.896104
0.854227
0.793434
0.97747
0.760011
0.734877
1.06481
0.812667
0.996782
0.733209
0.840752
0.982588
0.651444
0.920187
0.845084
0.966021
1.04684
0.871357
0.77038
0.917492
0.865715
0.75404
0.896825
0.84256
0.903913
0.841524
0.700974
0.909079
1.01912
0.674521
1.05642
1.00676
0.747153
0.825993
0.921088
0.906338
