1.17965
0.953989
1.14272
0.952154
0.960991
1.0506
1.38222
0.980767
1.18099
0.957927
1.05417
0.994093
1.289
0.820141
1.12573
0.959028
0.916203
0.995426
1.06303
1.28294
0.890259
0.942344
0.914515
0.943222
0.917373
1.16078
1.03767
1.02236
0.921296
1.00998
0.934291
1.08252
1.14118
0.860864
1.04939
1.0034
0.882263
0.98356
1.05851
1.03854
1.20311
1.18939
1.12768
1.13575
0.922173
0.843736
1.0192
1.12677
1.02154
0.847315
0.798226
1.09019
1.09303
1.01269
1.1402
1.02229
0.988297
0.884439
0.922823
1.04417
