0.82655
0.853155
1.23857
1.22159
1.06112
0.95725
0.834273
0.92367
1.04449
0.88321
0.857
1.12356
0.871087
0.78923
0.995406
0.82506
0.843655
0.982561
1.22254
0.654592
0.960425
0.974022
0.90395
0.776283
0.81527
0.873048
0.858603
1.03139
0.849133
0.871227
1.10327
0.930674
1.0179
0.992902
0.852593
1.10457
0.668811
1.11136
0.969549
0.878331
1.13981
1.01175
0.718072
0.879016
0.940162
0.880239
0.951618
0.904126
0.804741
0.72914
0.957465
0.958658
1.18051
0.714979
1.05735
1.02589
0.824101
0.818419
0.862099
0.954909
