0.80908
0.753315
0.804804
0.789625
1.18204
0.974106
0.534848
0.768669
1.1293
1.12153
1.02577
0.830434
0.938274
0.871177
0.959321
0.763506
0.830634
0.871405
0.961604
0.988251
0.99039
0.929364
0.898845
0.881074
0.973816
0.753689
0.883039
0.74808
0.85613
1.08403
0.716883
1.00283
0.881844
0.925813
0.99707
0.927043
0.949759
0.973216
0.768674
0.929306
0.897943
0.922185
0.749054
0.945957
0.936637
0.934282
0.868451
0.826739
0.81732
1.00703
0.986753
1.00964
0.803601
0.881474
1.35509
1.05204
1.01038
1.18442
1.01078
0.735769
0.969144
0.834913
0.928448
0.915052
0.803065
0.726704
