1.05528
1.24647
1.23363
1.03788
0.921405
0.96345
0.996765
0.965115
1.24006
1.42231
1.38014
1.06185
1.22805
0.818962
0.824929
0.832333
1.19629
0.980071
1.14382
1.05338
0.991696
1.02044
0.948201
1.01792
1.15316
0.993095
1.25239
0.867993
0.896522
1.37555
0.790984
1.14349
1.13337
1.08328
1.28333
0.949192
1.02411
0.863086
0.865009
1.09192
1.09922
1.05501
1.05891
1.03837
1.01448
0.918478
0.976741
0.948816
0.820303
0.900206
0.939756
0.83472
1.10142
1.06244
1.36008
0.984665
1.00248
1.22766
1.18664
0.870287
0.926227
0.890148
1.03668
0.98785
1.05938
0.900736
