0.862804
1.00415
0.843695
0.85546
1.0851
0.819648
0.908072
0.821404
1.1774
0.991775
1.06645
0.840288
0.83333
0.996443
0.856256
0.984691
0.696236
1.00351
0.865138
0.837877
1.04725
1.06562
1.09101
0.933706
0.902791
1.02975
1.10026
0.662513
0.966844
1.05028
0.786418
0.944912
0.818509
0.857711
1.08504
1.02414
0.864429
1.02926
0.778749
0.988156
0.807643
1.03286
0.766519
0.94039
0.997322
0.802109
0.837212
0.771228
1.08556
0.937219
1.16395
1.23914
0.841297
0.737604
1.2574
1.18703
0.933083
1.04348
0.944984
0.842409
1.19606
0.878083
0.871963
1.03783
0.808944
0.990815
