1.07321
0.867785
0.878866
1.12152
0.601345
0.994943
0.864607
0.744814
0.795694
0.893955
0.571415
0.920021
0.939033
0.944517
0.688051
0.861288
0.874982
0.910346
1.06188
0.982673
0.979371
0.94117
0.689783
0.825884
0.829279
1.04889
0.799387
0.991553
0.988138
0.829024
0.786778
0.849309
0.752741
0.877407
0.964848
0.858781
0.575439
0.827016
0.890501
1.03965
0.549765
0.980384
0.59074
0.805967
1.01037
0.934248
1.02398
0.965735
0.904943
0.996634
0.719572
0.604685
1.07935
0.886405
0.969078
0.768816
0.958106
0.869192
0.648284
0.710874
1.10407
0.765577
0.901882
0.781089
0.757006
1.00574
1.02845
0.827747
0.708525
0.920575
1.10087
0.784454
