1.1104
0.812237
1.06783
1.16984
0.645639
1.20198
1.22938
0.699203
0.760198
1.26307
0.681232
1.10583
1.29726
1.30326
0.811949
0.92608
1.25996
1.01971
1.21622
1.35335
1.12077
1.09922
0.893405
0.8614
0.977624
1.03736
1.07824
0.984377
1.24202
0.921065
0.867727
0.951964
0.884256
0.947711
1.3739
0.785538
0.78284
1.00602
1.04172
1.2102
0.841463
1.2887
0.799484
1.10248
0.940162
0.949427
1.12829
1.02755
0.856469
0.893326
0.92395
0.95722
1.28926
1.04065
1.14012
0.9593
1.10144
1.27377
0.93671
0.830885
1.20049
1.12385
1.03462
0.882348
0.848444
1.17651
0.951232
0.882121
0.839533
0.908955
0.855444
1.2739
