1.15232
0.831448
0.958185
1.19114
0.73703
0.908607
0.891028
0.758212
0.864231
0.962524
0.701004
0.942842
1.05606
1.07851
0.782456
0.973043
0.918275
0.97118
1.08136
0.969285
1.0272
0.987029
0.708075
0.686667
1.00332
1.02881
0.889204
0.982954
1.08322
0.784795
0.823033
0.910602
0.90102
0.832305
1.01612
0.793149
0.538641
0.885883
0.899409
1.18759
0.832381
1.10896
0.745438
0.857717
0.914954
0.765008
1.03824
0.983276
0.915739
0.900436
1.18678
0.760758
1.15368
0.880904
0.993397
0.743442
0.963244
1.01403
0.833584
0.871257
1.1032
0.918417
0.935848
0.834726
0.889778
1.1757
0.893981
0.921987
0.732427
0.956689
0.961847
0.888691
