0.798882
1.00889
0.74077
1.10483
0.956888
0.93019
1.24515
1.3393
0.967977
1.11692
0.898824
0.875874
1.02896
0.820918
0.859039
1.03199
0.843207
0.924956
0.948196
1.07893
0.829524
1.01211
0.912481
0.825456
0.818333
1.022
0.9341
0.989052
0.948566
1.01545
1.02301
0.908341
0.772966
1.06846
1.12229
0.891238
0.98649
0.865978
1.0043
0.962555
1.158
1.10181
0.792694
0.874838
1.00997
1.1064
1.01061
1.2335
1.02643
1.0641
1.01304
1.09039
0.953588
0.981899
0.819004
0.961661
0.911229
0.741809
0.811622
0.938057
0.915958
1.01721
0.89237
0.95366
0.879116
0.855436
0.731742
0.953827
1.04191
0.804176
0.47846
0.952834
1.00189
