0.866006
1.11798
1.02683
1.1746
0.809414
1.00617
1.31899
1.42096
1.097
1.23108
0.957236
0.996136
0.945703
1.01157
0.782241
1.02616
0.976926
1.03351
0.967153
1.31872
0.896193
1.39765
0.992432
0.87053
0.869169
1.30867
1.01584
1.04711
0.894153
1.14639
1.31452
0.892929
1.03969
1.10047
1.30166
0.974383
1.14218
1.01231
0.975126
0.872405
1.33518
1.27648
0.810635
1.02995
0.924306
1.23528
1.01929
1.30233
1.3746
1.05399
1.11447
1.29916
1.21846
1.02103
1.07258
1.18989
1.06339
0.768332
0.914899
1.02245
0.973763
1.47379
1.0873
1.16105
0.874259
0.937064
0.877064
1.44261
0.985742
0.9603
0.607209
1.2653
1.37744
