0.835731
1.01607
0.776827
1.03863
1.00988
0.984364
1.27696
1.17472
0.928436
1.10959
0.887036
0.896985
1.08728
0.962906
0.979207
1.0512
0.887526
1.05215
1.03657
1.03733
1.0625
1.04822
0.868128
0.821726
0.843702
1.03083
0.826793
1.04208
1.00679
0.905091
1.07256
0.895486
0.826284
1.02996
1.07934
0.757252
0.982928
0.911786
1.03388
0.997648
1.25451
0.945328
0.871747
0.895294
1.10409
0.930378
0.998597
1.18223
1.05601
1.20719
0.960312
0.947745
0.953944
0.898624
0.941441
1.02958
0.88951
0.880963
0.771154
1.03567
0.849054
1.08144
0.964183
1.14684
0.890397
0.848534
0.825464
1.22586
1.00314
0.882342
0.638048
0.826067
1.07027
