0.850867
0.862972
1.06705
0.773559
0.869098
1.02895
0.733365
0.78148
0.941468
0.727718
0.938675
0.857722
1.05095
1.03467
0.930397
0.91199
0.953249
0.723136
0.845825
0.783416
0.938312
1.06675
0.686311
0.937639
1.00583
1.15939
0.966771
0.667743
0.656281
0.918666
0.782379
0.734554
0.826638
0.820411
0.802949
0.873727
0.975717
0.819783
1.02575
0.929761
0.68471
0.833014
0.840816
1.02553
0.703328
1.00369
0.847938
0.708185
1.0302
0.990042
0.994206
0.923822
0.921779
0.856954
0.818238
