0.928465
0.985862
1.31909
0.922915
0.892984
0.979668
1.01622
1.20936
0.993306
0.880048
0.831982
1.1505
0.919316
1.22812
1.05161
1.31822
1.12905
1.08216
0.833742
0.930451
1.29827
0.833625
0.968426
1.2366
1.04425
1.23935
1.29722
1.02228
0.905477
1.0271
1.27405
1.10862
1.05686
1.0913
1.03233
1.04579
1.11717
0.922982
1.06377
1.17469
0.943038
0.914728
0.872306
1.0444
1.09739
1.18231
1.05165
0.984084
1.08672
1.13308
1.08179
1.19348
1.00898
1.17204
1.17169
