0.971593
0.765742
1.01029
0.770269
0.971539
1.07417
0.880831
1.0516
0.940167
0.799919
1.00325
0.84243
1.17739
1.17516
1.03577
1.05816
1.04982
0.933275
1.00492
0.809515
0.912526
0.81592
0.829672
0.913545
1.05771
1.22918
0.922998
0.660409
0.97881
0.944701
0.986168
0.756917
1.00432
1.0354
0.810725
0.997897
1.03785
1.07561
1.15692
0.9592
0.725428
0.990493
0.848046
0.840914
0.902542
1.1496
0.920201
0.711541
0.979965
1.09204
0.989556
0.833387
0.78013
0.859376
0.868787
